250,4.9599,0.4393,0.5543,0.0064
255,4.8626,0.4404,0.551,0.0086
260,4.7691,0.4415,0.5472,0.0113
265,4.6791,0.4414,0.5438,0.0148
270,4.5925,0.439,0.542,0.0189
275,4.509,0.4339,0.5407,0.0254
280,4.4285,0.4284,0.539,0.0326
285,4.3508,0.426,0.5305,0.0435
290,4.2758,0.4284,0.5169,0.0547
295,4.2033,0.4334,0.4965,0.0701
300,4.1332,0.4379,0.4745,0.0877
305,4.0655,0.4395,0.455,0.1055
310,3.9999,0.4381,0.4357,0.1261
315,3.9364,0.4379,0.4152,0.1469
320,3.8749,0.4448,0.3875,0.1676
325,3.8153,0.4625,0.3522,0.1853
330,3.7575,0.4857,0.3136,0.2008
335,3.7014,0.5058,0.2786,0.2156
340,3.647,0.5157,0.2504,0.2339
345,3.5941,0.5143,0.2294,0.2563
350,3.5428,0.5016,0.2134,0.285
355,3.4929,0.4809,0.2014,0.3177
360,3.4444,0.4584,0.189,0.3526
365,3.3972,0.4404,0.1707,0.3889
370,3.3513,0.4453,0.1473,0.4074
375,3.3066,0.4669,0.116,0.4171
380,3.2631,0.5005,0.0879,0.4116
385,3.2207,0.5291,0.0656,0.4052
390,3.1794,0.5512,0.0486,0.4002
395,3.1392,0.5647,0.0366,0.3987
400,3.0999,0.5677,0.0281,0.4042
405,3.0617,0.5622,0.0228,0.415
410,3.0243,0.5456,0.0201,0.4343
415,2.9879,0.5199,0.0201,0.46
420,2.9523,0.4866,0.0219,0.4915
425,2.9176,0.4513,0.0239,0.5248
430,2.8837,0.4196,0.0256,0.5548
435,2.8505,0.3982,0.027,0.5748
440,2.8181,0.3913,0.0275,0.5812
445,2.7864,0.3984,0.0275,0.5742
450,2.7555,0.4154,0.0269,0.5577
455,2.7252,0.437,0.0261,0.537
460,2.6956,0.4589,0.0253,0.5158
465,2.6666,0.4786,0.0246,0.4968
470,2.6382,0.4948,0.0241,0.4812
475,2.6105,0.5073,0.0237,0.469
480,2.5833,0.516,0.0236,0.4604
485,2.5566,0.5215,0.0236,0.4548
490,2.5306,0.524,0.0239,0.4521
495,2.505,0.5243,0.0243,0.4514
500,2.4799,0.5224,0.0248,0.4528
505,2.4554,0.5188,0.0254,0.4557
510,2.4313,0.5138,0.0262,0.46
515,2.4077,0.5077,0.0271,0.4652
520,2.3846,0.5008,0.028,0.4712
525,2.3618,0.4934,0.029,0.4776
530,2.3396,0.4857,0.0301,0.4843
535,2.3177,0.4779,0.0312,0.491
540,2.2962,0.4702,0.0323,0.4975
545,2.2752,0.4628,0.0335,0.5037
550,2.2545,0.4559,0.0347,0.5094
555,2.2342,0.4497,0.0359,0.5144
560,2.2142,0.4442,0.0371,0.5187
565,2.1946,0.4396,0.0382,0.5222
570,2.1754,0.4358,0.0393,0.5249
575,2.1565,0.433,0.0404,0.5266
580,2.1379,0.4311,0.0415,0.5274
585,2.1196,0.4301,0.0425,0.5273
590,2.1016,0.43,0.0435,0.5265
595,2.084,0.4308,0.0445,0.5248
600,2.0666,0.4323,0.0454,0.5224
605,2.0495,0.4344,0.0462,0.5194
610,2.0327,0.4371,0.047,0.5159
615,2.0162,0.4403,0.0478,0.5119
620,2,0.4439,0.0486,0.5075
625,1.984,0.4477,0.0494,0.5029
630,1.9682,0.4518,0.0501,0.4981
635,1.9527,0.4559,0.0508,0.4932
640,1.9375,0.4601,0.0516,0.4883
645,1.9224,0.4642,0.0524,0.4834
650,1.9076,0.4682,0.0531,0.4787
655,1.8931,0.4721,0.0539,0.474
660,1.8787,0.4757,0.0548,0.4696
665,1.8646,0.479,0.0556,0.4654
670,1.8507,0.482,0.0565,0.4615
675,1.837,0.4846,0.0575,0.4579
680,1.8235,0.4869,0.0585,0.4547
685,1.8102,0.4887,0.0595,0.4517
690,1.7971,0.4901,0.0607,0.4492
695,1.7841,0.4911,0.0619,0.447
700,1.7714,0.4916,0.0631,0.4452
705,1.7588,0.4916,0.0645,0.4439
710,1.7464,0.4911,0.0659,0.443
715,1.7342,0.4901,0.0675,0.4424
720,1.7222,0.4886,0.0691,0.4423
725,1.7103,0.4865,0.0709,0.4426
730,1.6986,0.484,0.0727,0.4433
735,1.687,0.4809,0.0747,0.4445
740,1.6756,0.4772,0.0767,0.446
745,1.6644,0.4731,0.0789,0.448
750,1.6533,0.4684,0.0812,0.4503
755,1.6423,0.4633,0.0837,0.4531
760,1.6315,0.4576,0.0862,0.4562
765,1.6209,0.4515,0.0889,0.4596
770,1.6104,0.445,0.0917,0.4634
775,1.6,0.438,0.0946,0.4674
780,1.5897,0.4307,0.0976,0.4717
785,1.5796,0.4231,0.1007,0.4762
790,1.5696,0.4151,0.104,0.4809
795,1.5597,0.407,0.1073,0.4858
800,1.55,0.3987,0.1106,0.4907
805,1.5403,0.3904,0.1141,0.4955
810,1.5308,0.382,0.1176,0.5004
815,1.5214,0.3738,0.1211,0.5051
820,1.5122,0.3657,0.1246,0.5097
825,1.503,0.3579,0.1281,0.514
830,1.4939,0.3505,0.1316,0.5179
835,1.485,0.3435,0.135,0.5215
840,1.4762,0.3371,0.1383,0.5246
845,1.4674,0.3314,0.1414,0.5272
850,1.4588,0.3263,0.1445,0.5292
855,1.4503,0.3221,0.1473,0.5306
860,1.4418,0.3186,0.15,0.5313
865,1.4335,0.3161,0.1526,0.5314
870,1.4253,0.3144,0.1549,0.5307
875,1.4171,0.3136,0.157,0.5295
880,1.4091,0.3137,0.1588,0.5275
885,1.4011,0.3146,0.1605,0.5249
890,1.3932,0.3164,0.162,0.5217
895,1.3854,0.3189,0.1632,0.5179
900,1.3777,0.3221,0.1643,0.5136
905,1.3701,0.326,0.1651,0.5089
910,1.3626,0.3304,0.1659,0.5037
915,1.3552,0.3353,0.1665,0.4982
920,1.3478,0.3407,0.1669,0.4924
925,1.3405,0.3463,0.1673,0.4864
930,1.3333,0.3522,0.1676,0.4802
935,1.3262,0.3583,0.1678,0.4738
940,1.3191,0.3645,0.168,0.4675
945,1.3121,0.3708,0.1682,0.461
950,1.3052,0.3771,0.1684,0.4545
955,1.2984,0.3833,0.1686,0.4481
960,1.2916,0.3894,0.1688,0.4418
965,1.2849,0.3954,0.1691,0.4355
970,1.2783,0.4012,0.1695,0.4294
975,1.2718,0.4068,0.1699,0.4233
980,1.2653,0.4121,0.1704,0.4175
985,1.2589,0.4172,0.171,0.4117
990,1.2525,0.4221,0.1718,0.4061
995,1.2462,0.4267,0.1727,0.4006
1000,1.24,0.4311,0.1736,0.3953
1005,1.2338,0.4351,0.1748,0.3901
1010,1.2277,0.4388,0.176,0.3851
1015,1.2216,0.4423,0.1775,0.3802
1020,1.2157,0.4455,0.1791,0.3754
1025,1.2097,0.4485,0.1808,0.3707
1030,1.2039,0.4512,0.1827,0.3661
1035,1.198,0.4536,0.1847,0.3616
1040,1.1923,0.4558,0.187,0.3572
1045,1.1866,0.4578,0.1893,0.3528
1050,1.1809,0.4596,0.1919,0.3485
1055,1.1753,0.4612,0.1946,0.3442
1060,1.1698,0.4626,0.1975,0.3399
1065,1.1643,0.4639,0.2005,0.3356
1070,1.1589,0.4651,0.2037,0.3312
1075,1.1535,0.4662,0.207,0.3268
1080,1.1481,0.4672,0.2105,0.3224
1085,1.1428,0.4682,0.214,0.3178
1090,1.1376,0.4692,0.2177,0.3131
1095,1.1324,0.4702,0.2215,0.3083
1100,1.1272,0.4713,0.2253,0.3034
1105,1.1221,0.4725,0.2293,0.2983
1110,1.1171,0.4738,0.2332,0.293
1115,1.1121,0.4753,0.2371,0.2875
1120,1.1071,0.477,0.241,0.2819
1125,1.1022,0.479,0.2449,0.2761
1130,1.0973,0.4812,0.2487,0.2701
1135,1.0925,0.4837,0.2524,0.2639
1140,1.0877,0.4865,0.256,0.2575
1145,1.0829,0.4897,0.2594,0.2509
1150,1.0782,0.4933,0.2626,0.2441
1155,1.0736,0.4972,0.2656,0.2372
1160,1.0689,0.5016,0.2683,0.2301
1165,1.0644,0.5063,0.2708,0.2229
1170,1.0598,0.5114,0.2729,0.2156
1175,1.0553,0.5169,0.2748,0.2083
1180,1.0508,0.5228,0.2763,0.2009
1185,1.0464,0.529,0.2775,0.1935
1190,1.042,0.5356,0.2783,0.1862
1195,1.0376,0.5424,0.2787,0.1789
1200,1.0333,0.5495,0.2788,0.1716
1205,1.029,0.5569,0.2786,0.1645
1210,1.0248,0.5644,0.278,0.1576
1215,1.0206,0.5722,0.2771,0.1508
1220,1.0164,0.58,0.2759,0.1441
1225,1.0122,0.5879,0.2744,0.1377
1230,1.0081,0.5959,0.2726,0.1316
1235,1.004,0.6038,0.2706,0.1256
1240,1,0.6118,0.2683,0.1199
1245,0.996,0.6196,0.2658,0.1145
1250,0.992,0.6274,0.2632,0.1093
1255,0.988,0.6351,0.2604,0.1044
1260,0.9841,0.6427,0.2575,0.0998
1265,0.9802,0.6501,0.2545,0.0954
1270,0.9764,0.6573,0.2514,0.0913
1275,0.9725,0.6643,0.2482,0.0875
1280,0.9687,0.6712,0.245,0.0838
1285,0.965,0.6778,0.2417,0.0805
1290,0.9612,0.6843,0.2384,0.0773
1295,0.9575,0.6905,0.2351,0.0744
1300,0.9538,0.6964,0.2319,0.0717
1305,0.9502,0.7022,0.2286,0.0692
1310,0.9465,0.7078,0.2254,0.0668
1315,0.9429,0.7131,0.2222,0.0647
1320,0.9394,0.7182,0.219,0.0627
1325,0.9358,0.7231,0.2159,0.0609
1330,0.9323,0.7278,0.2129,0.0593
1335,0.9288,0.7323,0.2099,0.0577
1340,0.9254,0.7366,0.207,0.0563
1345,0.9219,0.7408,0.2042,0.0551
1350,0.9185,0.7447,0.2014,0.0539
1355,0.9151,0.7485,0.1987,0.0529
1360,0.9117,0.7521,0.196,0.0519
1365,0.9084,0.7555,0.1935,0.051
1370,0.9051,0.7588,0.191,0.0503
1375,0.9018,0.7619,0.1886,0.0496
1380,0.8985,0.7648,0.1862,0.0489
1385,0.8953,0.7677,0.1839,0.0484
1390,0.8921,0.7704,0.1817,0.0479
1395,0.8889,0.773,0.1796,0.0474
1400,0.8857,0.7754,0.1775,0.047
