250,4.9599,0.167,0.8201,0.0129
255,4.8626,0.1566,0.8263,0.0171
260,4.7691,0.1419,0.8358,0.0223
265,4.6791,0.1261,0.8449,0.029
270,4.5925,0.1168,0.8465,0.0367
275,4.509,0.1234,0.8287,0.048
280,4.4285,0.1475,0.7935,0.059
285,4.3508,0.1838,0.7416,0.0746
290,4.2758,0.2222,0.6889,0.0889
295,4.2033,0.2479,0.6425,0.1096
300,4.1332,0.2612,0.6056,0.1332
305,4.0655,0.2633,0.5796,0.1572
310,3.9999,0.2508,0.5623,0.1869
315,3.9364,0.2276,0.5524,0.2201
320,3.8749,0.1914,0.5471,0.2615
325,3.8153,0.1448,0.5443,0.3109
330,3.7575,0.0921,0.5387,0.3692
335,3.7014,0.0427,0.5257,0.4317
340,3.647,0.0082,0.4986,0.4932
345,3.5941,0.0016,0.4566,0.5418
350,3.5428,0.0308,0.3987,0.5705
355,3.4929,0.0975,0.333,0.5695
360,3.4444,0.1868,0.2664,0.5467
365,3.3972,0.2824,0.2022,0.5154
370,3.3513,0.3698,0.1522,0.478
375,3.3066,0.4182,0.1135,0.4683
380,3.2631,0.4538,0.0852,0.461
385,3.2207,0.4716,0.0648,0.4637
390,3.1794,0.4779,0.0495,0.4727
395,3.1392,0.4789,0.0382,0.483
400,3.0999,0.4712,0.03,0.4989
405,3.0617,0.4603,0.0245,0.5152
410,3.0243,0.4426,0.0215,0.5359
415,2.9879,0.421,0.0212,0.5578
420,2.9523,0.3943,0.0226,0.5831
425,2.9176,0.3654,0.0243,0.6104
430,2.8837,0.3332,0.026,0.6408
435,2.8505,0.2997,0.0279,0.6724
440,2.8181,0.2643,0.0299,0.7059
445,2.7864,0.2284,0.0319,0.7397
450,2.7555,0.1924,0.034,0.7736
455,2.7252,0.1579,0.0359,0.8062
460,2.6956,0.1251,0.0379,0.837
465,2.6666,0.0954,0.0398,0.8648
470,2.6382,0.0693,0.0414,0.8893
475,2.6105,0.0476,0.0429,0.9095
480,2.5833,0.0306,0.0442,0.9252
485,2.5566,0.0187,0.0452,0.9361
490,2.5306,0.0117,0.0461,0.9423
495,2.505,0.0095,0.0466,0.9439
500,2.4799,0.0117,0.0471,0.9412
505,2.4554,0.0177,0.0473,0.935
510,2.4313,0.027,0.0474,0.9256
515,2.4077,0.0389,0.0474,0.9137
520,2.3846,0.0529,0.0472,0.8999
525,2.3618,0.0684,0.047,0.8845
530,2.3396,0.0849,0.0468,0.8683
535,2.3177,0.1019,0.0465,0.8515
540,2.2962,0.1191,0.0463,0.8346
545,2.2752,0.1362,0.046,0.8178
550,2.2545,0.1529,0.0458,0.8013
555,2.2342,0.1691,0.0457,0.7853
560,2.2142,0.1845,0.0455,0.7699
565,2.1946,0.1992,0.0455,0.7553
570,2.1754,0.213,0.0455,0.7416
575,2.1565,0.2259,0.0455,0.7286
580,2.1379,0.2379,0.0457,0.7165
585,2.1196,0.249,0.0459,0.7052
590,2.1016,0.2591,0.0461,0.6948
595,2.084,0.2684,0.0465,0.6851
600,2.0666,0.2767,0.0469,0.6763
605,2.0495,0.2843,0.0474,0.6683
610,2.0327,0.2909,0.048,0.6611
615,2.0162,0.2969,0.0486,0.6545
620,2,0.302,0.0494,0.6486
625,1.984,0.3064,0.0502,0.6434
630,1.9682,0.3101,0.051,0.6389
635,1.9527,0.3132,0.052,0.6349
640,1.9375,0.3155,0.053,0.6314
645,1.9224,0.3173,0.0541,0.6285
650,1.9076,0.3186,0.0553,0.6262
655,1.8931,0.3192,0.0565,0.6243
660,1.8787,0.3193,0.0578,0.6228
665,1.8646,0.319,0.0592,0.6218
670,1.8507,0.3181,0.0607,0.6212
675,1.837,0.3168,0.0622,0.621
680,1.8235,0.315,0.0638,0.6212
685,1.8102,0.3128,0.0655,0.6217
690,1.7971,0.3103,0.0672,0.6225
695,1.7841,0.3074,0.069,0.6236
700,1.7714,0.3041,0.0709,0.6249
705,1.7588,0.3005,0.0729,0.6266
710,1.7464,0.2965,0.0749,0.6286
715,1.7342,0.2923,0.077,0.6307
720,1.7222,0.2878,0.0792,0.633
725,1.7103,0.283,0.0815,0.6355
730,1.6986,0.278,0.0838,0.6383
735,1.687,0.2727,0.0862,0.6411
740,1.6756,0.2672,0.0886,0.6441
745,1.6644,0.2615,0.0911,0.6473
750,1.6533,0.2557,0.0937,0.6506
755,1.6423,0.2496,0.0964,0.654
760,1.6315,0.2435,0.0991,0.6574
765,1.6209,0.2371,0.1019,0.661
770,1.6104,0.2307,0.1047,0.6646
775,1.6,0.2242,0.1075,0.6683
780,1.5897,0.2176,0.1105,0.6719
785,1.5796,0.2109,0.1135,0.6756
790,1.5696,0.2042,0.1165,0.6793
795,1.5597,0.1974,0.1196,0.683
800,1.55,0.1907,0.1227,0.6867
805,1.5403,0.1839,0.1259,0.6902
810,1.5308,0.1772,0.1291,0.6938
815,1.5214,0.1705,0.1323,0.6972
820,1.5122,0.1638,0.1355,0.7007
825,1.503,0.1572,0.1388,0.704
830,1.4939,0.1507,0.1421,0.7072
835,1.485,0.1443,0.1454,0.7103
840,1.4762,0.1381,0.1487,0.7132
845,1.4674,0.132,0.1521,0.716
850,1.4588,0.126,0.1554,0.7186
855,1.4503,0.1202,0.1587,0.7211
860,1.4418,0.1146,0.162,0.7234
865,1.4335,0.1092,0.1653,0.7255
870,1.4253,0.104,0.1687,0.7273
875,1.4171,0.099,0.1719,0.7291
880,1.4091,0.0942,0.1751,0.7306
885,1.4011,0.0897,0.1784,0.7319
890,1.3932,0.0855,0.1816,0.7329
895,1.3854,0.0815,0.1847,0.7338
900,1.3777,0.0778,0.1878,0.7344
905,1.3701,0.0743,0.1909,0.7348
910,1.3626,0.0712,0.1939,0.7349
915,1.3552,0.0683,0.1968,0.7348
920,1.3478,0.0657,0.1998,0.7345
925,1.3405,0.0635,0.2026,0.7339
930,1.3333,0.0615,0.2054,0.7331
935,1.3262,0.0598,0.2081,0.7321
940,1.3191,0.0585,0.2107,0.7308
945,1.3121,0.0574,0.2133,0.7293
950,1.3052,0.0567,0.2158,0.7276
955,1.2984,0.0562,0.2182,0.7256
960,1.2916,0.056,0.2206,0.7234
965,1.2849,0.0562,0.2228,0.721
970,1.2783,0.0566,0.225,0.7184
975,1.2718,0.0573,0.2271,0.7156
980,1.2653,0.0583,0.2291,0.7126
985,1.2589,0.0595,0.231,0.7094
990,1.2525,0.0611,0.2329,0.7061
995,1.2462,0.0629,0.2347,0.7025
1000,1.24,0.0649,0.2364,0.6987
1005,1.2338,0.0672,0.238,0.6949
1010,1.2277,0.0697,0.2395,0.6908
1015,1.2216,0.0724,0.2409,0.6866
1020,1.2157,0.0754,0.2423,0.6823
1025,1.2097,0.0786,0.2436,0.6779
1030,1.2039,0.0819,0.2448,0.6733
1035,1.198,0.0855,0.2459,0.6686
1040,1.1923,0.0892,0.2469,0.6638
1045,1.1866,0.0931,0.2479,0.6589
1050,1.1809,0.0972,0.2488,0.654
1055,1.1753,0.1014,0.2497,0.6489
1060,1.1698,0.1058,0.2504,0.6438
1065,1.1643,0.1103,0.2511,0.6386
1070,1.1589,0.1149,0.2517,0.6334
1075,1.1535,0.1197,0.2523,0.6281
1080,1.1481,0.1245,0.2528,0.6227
1085,1.1428,0.1295,0.2532,0.6173
1090,1.1376,0.1345,0.2536,0.6119
1095,1.1324,0.1396,0.2539,0.6064
1100,1.1272,0.1448,0.2542,0.601
1105,1.1221,0.1501,0.2544,0.5955
1110,1.1171,0.1554,0.2546,0.59
1115,1.1121,0.1608,0.2547,0.5845
1120,1.1071,0.1662,0.2548,0.579
1125,1.1022,0.1717,0.2548,0.5735
1130,1.0973,0.1772,0.2548,0.568
1135,1.0925,0.1827,0.2547,0.5626
1140,1.0877,0.1882,0.2546,0.5571
1145,1.0829,0.1938,0.2545,0.5517
1150,1.0782,0.1994,0.2543,0.5463
1155,1.0736,0.205,0.2541,0.5409
1160,1.0689,0.2106,0.2539,0.5355
1165,1.0644,0.2162,0.2536,0.5302
1170,1.0598,0.2218,0.2533,0.5249
1175,1.0553,0.2274,0.253,0.5196
1180,1.0508,0.2329,0.2527,0.5144
1185,1.0464,0.2385,0.2523,0.5092
1190,1.042,0.244,0.2519,0.5041
1195,1.0376,0.2495,0.2515,0.499
1200,1.0333,0.255,0.2511,0.4939
1205,1.029,0.2605,0.2506,0.4889
1210,1.0248,0.2659,0.2502,0.484
1215,1.0206,0.2713,0.2497,0.479
1220,1.0164,0.2767,0.2492,0.4741
1225,1.0122,0.282,0.2487,0.4693
1230,1.0081,0.2873,0.2481,0.4646
1235,1.004,0.2925,0.2476,0.4599
1240,1,0.2977,0.247,0.4553
1245,0.996,0.3029,0.2465,0.4507
1250,0.992,0.308,0.2459,0.4462
1255,0.988,0.313,0.2453,0.4417
1260,0.9841,0.318,0.2447,0.4373
1265,0.9802,0.323,0.2441,0.4328
1270,0.9764,0.328,0.2435,0.4285
1275,0.9725,0.3328,0.2429,0.4242
1280,0.9687,0.3377,0.2423,0.42
1285,0.965,0.3425,0.2417,0.4159
1290,0.9612,0.3472,0.241,0.4117
1295,0.9575,0.3519,0.2404,0.4077
1300,0.9538,0.3565,0.2398,0.4037
1305,0.9502,0.3611,0.2392,0.3997
1310,0.9465,0.3657,0.2385,0.3958
1315,0.9429,0.3701,0.2379,0.392
1320,0.9394,0.3745,0.2372,0.3882
1325,0.9358,0.3789,0.2366,0.3845
1330,0.9323,0.3833,0.236,0.3808
1335,0.9288,0.3875,0.2353,0.3771
1340,0.9254,0.3917,0.2347,0.3736
1345,0.9219,0.3959,0.2341,0.37
1350,0.9185,0.4001,0.2334,0.3665
1355,0.9151,0.4042,0.2328,0.363
1360,0.9117,0.4082,0.2321,0.3596
1365,0.9084,0.4122,0.2315,0.3563
1370,0.9051,0.4161,0.2309,0.353
1375,0.9018,0.42,0.2303,0.3497
1380,0.8985,0.4238,0.2296,0.3465
1385,0.8953,0.4276,0.229,0.3434
1390,0.8921,0.4314,0.2284,0.3402
1395,0.8889,0.4351,0.2278,0.3371
1400,0.8857,0.4387,0.2272,0.3341
