250,4.9599,0.1985,0.7918,0.0097
255,4.8626,0.1946,0.7923,0.0131
260,4.7691,0.1943,0.7885,0.0171
265,4.6791,0.2001,0.7778,0.0221
270,4.5925,0.2116,0.7608,0.0277
275,4.509,0.226,0.738,0.036
280,4.4285,0.2385,0.7165,0.045
285,4.3508,0.2434,0.6974,0.0592
290,4.2758,0.2401,0.6852,0.0747
295,4.2033,0.2273,0.6748,0.0979
300,4.1332,0.2057,0.6679,0.1264
305,4.0655,0.1793,0.6635,0.1572
310,3.9999,0.1483,0.6575,0.1942
315,3.9364,0.1186,0.648,0.2333
320,3.8749,0.0974,0.6272,0.2754
325,3.8153,0.0944,0.5909,0.3147
330,3.7575,0.1169,0.5365,0.3466
335,3.7014,0.162,0.4709,0.3671
340,3.647,0.2193,0.4023,0.3784
345,3.5941,0.2795,0.3391,0.3815
350,3.5428,0.3342,0.2839,0.382
355,3.4929,0.3853,0.2375,0.3773
360,3.4444,0.4274,0.199,0.3736
365,3.3972,0.4552,0.1656,0.3793
370,3.3513,0.4773,0.1384,0.3844
375,3.3066,0.4744,0.1141,0.4115
380,3.2631,0.4661,0.0937,0.4402
385,3.2207,0.4517,0.0761,0.4722
390,3.1794,0.4303,0.0613,0.5083
395,3.1392,0.4085,0.0492,0.5423
400,3.0999,0.3804,0.0398,0.5798
405,3.0617,0.3507,0.0333,0.6161
410,3.0243,0.3154,0.0297,0.655
415,2.9879,0.2773,0.0295,0.6932
420,2.9523,0.2364,0.0316,0.732
425,2.9176,0.1961,0.0338,0.7701
430,2.8837,0.1572,0.036,0.8068
435,2.8505,0.123,0.038,0.839
440,2.8181,0.0953,0.0396,0.865
445,2.7864,0.0764,0.041,0.8826
450,2.7555,0.0669,0.0419,0.8912
455,2.7252,0.0667,0.0423,0.891
460,2.6956,0.0745,0.0424,0.8831
465,2.6666,0.0884,0.0423,0.8693
470,2.6382,0.1064,0.0419,0.8517
475,2.6105,0.1268,0.0414,0.8317
480,2.5833,0.148,0.0409,0.8111
485,2.5566,0.1691,0.0404,0.7905
490,2.5306,0.1892,0.04,0.7708
495,2.505,0.2083,0.0396,0.7521
500,2.4799,0.2257,0.0394,0.7349
505,2.4554,0.2415,0.0392,0.7193
510,2.4313,0.2557,0.0391,0.7052
515,2.4077,0.2683,0.0392,0.6925
520,2.3846,0.2795,0.0393,0.6813
525,2.3618,0.2894,0.0395,0.6711
530,2.3396,0.298,0.0398,0.6621
535,2.3177,0.3056,0.0402,0.6542
540,2.2962,0.3121,0.0407,0.6472
545,2.2752,0.3177,0.0412,0.6411
550,2.2545,0.3224,0.0418,0.6358
555,2.2342,0.3264,0.0426,0.6311
560,2.2142,0.3296,0.0433,0.6271
565,2.1946,0.3323,0.0441,0.6236
570,2.1754,0.3342,0.045,0.6207
575,2.1565,0.3358,0.046,0.6183
580,2.1379,0.3367,0.047,0.6163
585,2.1196,0.3373,0.0481,0.6147
590,2.1016,0.3373,0.0492,0.6135
595,2.084,0.3371,0.0504,0.6126
600,2.0666,0.3364,0.0516,0.612
605,2.0495,0.3353,0.0529,0.6117
610,2.0327,0.3339,0.0543,0.6118
615,2.0162,0.3323,0.0557,0.612
620,2,0.3303,0.0572,0.6125
625,1.984,0.328,0.0587,0.6132
630,1.9682,0.3255,0.0603,0.6142
635,1.9527,0.3227,0.062,0.6153
640,1.9375,0.3196,0.0637,0.6167
645,1.9224,0.3163,0.0655,0.6182
650,1.9076,0.3128,0.0673,0.6199
655,1.8931,0.309,0.0692,0.6218
660,1.8787,0.305,0.0711,0.6238
665,1.8646,0.3008,0.0731,0.626
670,1.8507,0.2964,0.0752,0.6284
675,1.837,0.2918,0.0773,0.6309
680,1.8235,0.2869,0.0795,0.6336
685,1.8102,0.2819,0.0818,0.6363
690,1.7971,0.2766,0.0841,0.6392
695,1.7841,0.2713,0.0865,0.6422
700,1.7714,0.2657,0.089,0.6453
705,1.7588,0.2599,0.0915,0.6486
710,1.7464,0.2539,0.0941,0.652
715,1.7342,0.2478,0.0967,0.6554
720,1.7222,0.2416,0.0994,0.659
725,1.7103,0.2352,0.1022,0.6626
730,1.6986,0.2286,0.1051,0.6663
735,1.687,0.2219,0.108,0.6701
740,1.6756,0.2151,0.111,0.6739
745,1.6644,0.2081,0.1141,0.6778
750,1.6533,0.2011,0.1172,0.6817
755,1.6423,0.194,0.1204,0.6856
760,1.6315,0.1868,0.1236,0.6896
765,1.6209,0.1796,0.1269,0.6935
770,1.6104,0.1724,0.1302,0.6974
775,1.6,0.1652,0.1336,0.7012
780,1.5897,0.1579,0.137,0.705
785,1.5796,0.1508,0.1405,0.7087
790,1.5696,0.1437,0.144,0.7123
795,1.5597,0.1366,0.1475,0.7159
800,1.55,0.1297,0.151,0.7192
805,1.5403,0.123,0.1546,0.7224
810,1.5308,0.1165,0.1582,0.7254
815,1.5214,0.1101,0.1618,0.7281
820,1.5122,0.104,0.1653,0.7307
825,1.503,0.0981,0.1688,0.733
830,1.4939,0.0926,0.1724,0.7351
835,1.485,0.0873,0.1758,0.7369
840,1.4762,0.0824,0.1793,0.7383
845,1.4674,0.0779,0.1827,0.7395
850,1.4588,0.0737,0.186,0.7403
855,1.4503,0.07,0.1892,0.7408
860,1.4418,0.0667,0.1924,0.7409
865,1.4335,0.0638,0.1956,0.7406
870,1.4253,0.0613,0.1986,0.74
875,1.4171,0.0594,0.2016,0.7391
880,1.4091,0.0578,0.2044,0.7378
885,1.4011,0.0568,0.2072,0.736
890,1.3932,0.0561,0.2099,0.734
895,1.3854,0.056,0.2125,0.7315
900,1.3777,0.0563,0.215,0.7288
905,1.3701,0.057,0.2173,0.7257
910,1.3626,0.0581,0.2196,0.7222
915,1.3552,0.0596,0.2218,0.7185
920,1.3478,0.0616,0.2239,0.7145
925,1.3405,0.0638,0.226,0.7102
930,1.3333,0.0665,0.2279,0.7056
935,1.3262,0.0694,0.2298,0.7008
940,1.3191,0.0727,0.2315,0.6958
945,1.3121,0.0762,0.2333,0.6906
950,1.3052,0.08,0.2349,0.6851
955,1.2984,0.0839,0.2365,0.6795
960,1.2916,0.0881,0.2381,0.6738
965,1.2849,0.0925,0.2396,0.6679
970,1.2783,0.097,0.2411,0.6619
975,1.2718,0.1017,0.2426,0.6557
980,1.2653,0.1064,0.2441,0.6496
985,1.2589,0.1112,0.2455,0.6433
990,1.2525,0.1161,0.247,0.6369
995,1.2462,0.121,0.2485,0.6305
1000,1.24,0.126,0.25,0.624
1005,1.2338,0.131,0.2515,0.6175
1010,1.2277,0.1359,0.2531,0.611
1015,1.2216,0.1408,0.2547,0.6045
1020,1.2157,0.1457,0.2564,0.5979
1025,1.2097,0.1506,0.2581,0.5914
1030,1.2039,0.1553,0.2599,0.5848
1035,1.198,0.16,0.2618,0.5782
1040,1.1923,0.1646,0.2637,0.5717
1045,1.1866,0.1691,0.2658,0.5651
1050,1.1809,0.1735,0.2679,0.5585
1055,1.1753,0.1778,0.2702,0.552
1060,1.1698,0.182,0.2726,0.5454
1065,1.1643,0.186,0.2751,0.5389
1070,1.1589,0.19,0.2777,0.5323
1075,1.1535,0.1938,0.2805,0.5258
1080,1.1481,0.1974,0.2834,0.5192
1085,1.1428,0.201,0.2864,0.5126
1090,1.1376,0.2044,0.2897,0.5059
1095,1.1324,0.2077,0.293,0.4993
1100,1.1272,0.2109,0.2965,0.4926
1105,1.1221,0.2139,0.3002,0.4859
1110,1.1171,0.2169,0.3041,0.4791
1115,1.1121,0.2196,0.3081,0.4722
1120,1.1071,0.2223,0.3123,0.4654
1125,1.1022,0.225,0.3167,0.4584
1130,1.0973,0.2275,0.3212,0.4513
1135,1.0925,0.2299,0.3259,0.4442
1140,1.0877,0.2322,0.3307,0.437
1145,1.0829,0.2346,0.3357,0.4297
1150,1.0782,0.2368,0.3409,0.4223
1155,1.0736,0.2391,0.3462,0.4147
1160,1.0689,0.2413,0.3516,0.4071
1165,1.0644,0.2435,0.3572,0.3993
1170,1.0598,0.2457,0.3628,0.3915
1175,1.0553,0.248,0.3685,0.3835
1180,1.0508,0.2503,0.3742,0.3754
1185,1.0464,0.2527,0.3801,0.3672
1190,1.042,0.2552,0.3858,0.3589
1195,1.0376,0.2579,0.3916,0.3505
1200,1.0333,0.2606,0.3974,0.342
1205,1.029,0.2635,0.403,0.3335
1210,1.0248,0.2666,0.4085,0.3249
1215,1.0206,0.2698,0.4139,0.3162
1220,1.0164,0.2733,0.4191,0.3076
1225,1.0122,0.277,0.4241,0.2989
1230,1.0081,0.2809,0.4288,0.2903
1235,1.004,0.285,0.4333,0.2817
1240,1,0.2894,0.4374,0.2732
1245,0.996,0.2941,0.4411,0.2648
1250,0.992,0.299,0.4445,0.2565
1255,0.988,0.3041,0.4475,0.2484
1260,0.9841,0.3095,0.4501,0.2404
1265,0.9802,0.3151,0.4522,0.2327
1270,0.9764,0.3209,0.454,0.2251
1275,0.9725,0.327,0.4552,0.2178
1280,0.9687,0.3332,0.456,0.2108
1285,0.965,0.3396,0.4563,0.2041
1290,0.9612,0.3462,0.4563,0.1976
1295,0.9575,0.3528,0.4557,0.1914
1300,0.9538,0.3596,0.4548,0.1856
1305,0.9502,0.3665,0.4534,0.1801
1310,0.9465,0.3734,0.4517,0.1749
1315,0.9429,0.3804,0.4496,0.17
1320,0.9394,0.3874,0.4472,0.1654
1325,0.9358,0.3944,0.4444,0.1612
1330,0.9323,0.4014,0.4414,0.1572
1335,0.9288,0.4083,0.4381,0.1536
1340,0.9254,0.4152,0.4346,0.1502
1345,0.9219,0.422,0.4309,0.1471
1350,0.9185,0.4287,0.427,0.1443
1355,0.9151,0.4353,0.423,0.1417
1360,0.9117,0.4418,0.4189,0.1393
1365,0.9084,0.4482,0.4146,0.1372
1370,0.9051,0.4545,0.4103,0.1352
1375,0.9018,0.4606,0.4059,0.1335
1380,0.8985,0.4666,0.4015,0.1319
1385,0.8953,0.4724,0.397,0.1306
1390,0.8921,0.4782,0.3925,0.1293
1395,0.8889,0.4837,0.3881,0.1282
1400,0.8857,0.4891,0.3836,0.1272
